462,244,8550
462,244,8551
462,244,8550
462,244,8552
462,244,8551
562,244,8594
562,244,8595
562,244,8593
562,244,8594
562,244,8595
462,244,8551
462,244,8551
462,244,8551
462,244,8550
462,244,8552
562,244,8591
562,244,8594
562,244,8594
562,244,8595
562,244,8594
462,244,8552
462,244,8551
462,244,8551
462,244,8550
462,244,8552
562,244,8592
562,244,8592
562,244,8593
562,244,8594
562,244,8594
462,244,8552
462,244,8551
462,244,8551
462,244,8552
462,244,8551
562,244,8593
562,244,8595
562,244,8595
562,244,8593
562,244,8595
462,244,8550
462,244,8551
462,244,8551
462,244,8548
462,244,8551
562,244,8594
562,244,8595
562,244,8595
562,244,8594
562,244,8592
462,244,8549
462,244,8552
462,244,8550
462,244,8552
462,244,8548
562,244,8594
562,244,8594
562,244,8594
562,244,8595
562,244,8594
462,244,8551
462,244,8552
462,244,8551
462,244,8550
462,244,8551
562,244,8594
562,244,8595
562,244,8595
562,244,8592
562,244,8595
462,244,8552
462,244,8551
462,244,8551
462,244,8551
462,244,8551
562,244,8593
562,244,8595
562,244,8594
562,244,8595
562,244,8594
462,244,8551
462,244,8552
462,244,8551
462,244,8551
462,244,8550
562,244,8594
562,244,8594
562,244,8595
562,244,8594
562,244,8594
462,244,8552
462,244,8552
462,244,8551
462,244,8551
462,244,8551
562,244,8592
562,244,8594
562,244,8593
562,244,8594
562,244,8594
462,244,8552
462,244,8551
462,244,8551
462,244,8551
462,244,8551
562,244,8594
562,244,8593
562,244,8594
562,244,8593
562,244,8594
462,244,8551
462,244,8550
462,244,8551
462,244,8551
462,244,8551
562,244,8595
562,244,8594
562,244,8595
562,244,8595
562,244,8594
462,244,8552
462,244,8550
462,244,8551
462,244,8551
462,244,8551
562,244,8594
562,244,8595
562,244,8592
562,244,8594
562,244,8594
462,244,8551
462,244,8551
462,244,8551
462,244,8551
462,244,8551
562,244,8591
562,244,8593
562,244,8594
562,244,8595
562,244,8594
462,244,8552
462,244,8551
462,244,8551
462,244,8550
462,244,8551
562,244,8594
562,244,8595
562,244,8594
562,244,8593
562,244,8594
462,244,8550
462,244,8549
462,244,8551
462,244,8550
462,244,8551
562,244,8594
562,244,8594
562,244,8594
562,244,8595
562,244,8593
462,244,8551
462,244,8550
462,244,8551
462,244,8552
462,244,8550
562,244,8593
562,244,8594
562,244,8594
562,244,8595
562,244,8593
462,244,8551
462,244,8551
462,244,8550
462,244,8551
462,244,8551
562,244,8595
562,244,8594
562,244,8595
562,244,8594
562,244,8595
462,244,8550
462,244,8550
462,244,8552
462,244,8551
462,244,8550
562,244,8595
562,244,8593
562,244,8594
562,244,8594
562,244,8592
462,244,8551
462,244,8551
462,244,8550
462,244,8551
462,244,8550
562,244,8595
562,244,8594
562,244,8595
562,244,8595
562,244,8594
462,244,8551
462,244,8551
462,244,8551
462,244,8551
462,244,8551
562,244,8594
562,244,8594
562,244,8594
562,244,8594
562,244,8595
462,244,8550
462,244,8551
462,244,8551
462,244,8551
462,244,8552
562,244,8594
562,244,8594
562,244,8595
562,244,8594
562,244,8594
462,244,8551
462,244,8550
462,244,8551
462,244,8551
462,244,8550
562,244,8592
562,244,8593
562,244,8593
562,244,8594
562,244,8594
462,244,8551
462,244,8551
462,244,8550
462,244,8551
462,244,8551
562,244,8592
562,244,8594
562,244,8594
562,244,8594
562,244,8595
