244,10814
244,10815
244,10814
244,10815
244,10815
244,10814
244,10816
244,10815
244,10815
244,10815
244,10815
244,10813
244,10813
244,10816
244,10815
244,10815
244,10816
244,10815
244,10815
244,10817
244,10815
244,10814
244,10815
244,10816
244,10816
244,10817
244,10817
244,10813
244,10817
244,10817
244,10813
244,10803
244,10802
244,10799
244,10797
244,10796
244,10794
244,10792
244,10789
244,10788
244,10788
244,10791
244,10799
244,10799
244,10800
244,10801
244,10801
244,10799
244,10802
244,10801
244,10803
244,10803
244,10801
244,10803
244,10804
244,10804
244,10805
244,10804
244,10806
244,10805
244,10807
244,10805
244,10807
244,10806
244,10808
244,10808
244,10808
244,10808
244,10808
244,10809
244,10808
244,10810
244,10810
244,10811
244,10809
244,10811
244,10812
244,10810
244,10812
244,10811
244,10812
244,10813
244,10813
244,10812
